float_0.mic
 0.171776 0.146915 0.181025 0.135822 0.999997 0.154911 0.164768 0.164768 0.164768 0.164768 0.164768
float_1.mic
 0.175039 0.149415 0.163863 0.160174 0.999997 0.167995 0.157145 0.157145 0.157145 0.157145 0.157145
float_2.mic
 0.155117 0.163651 0.173125 0.165063 0.999997 0.166306 0.155705 0.155705 0.155705 0.155705 0.155705
float_3.mic
 0.138617 0.151101 0.172946 0.155912 0.999997 0.159298 0.173363 0.173363 0.173363 0.173363 0.173363
float_4.mic
 0.175347 0.176626 0.146655 0.169920 0.999997 0.156727 0.139036 0.139036 0.139036 0.139036 0.139036
int_0.mic
 0.158813 0.141115 0.163444 0.161396 0.999949 0.178918 0.119742 0.119742 0.119742 0.119742 0.119742
int_1.mic
 0.166287 0.128842 0.163995 0.138218 0.999997 0.148927 0.175899 0.175899 0.175899 0.175899 0.175899
int_2.mic
 0.175601 0.155876 0.170001 0.151701 0.999996 0.158605 0.166216 0.166216 0.166216 0.166216 0.166216
int_3.mic
 0.161245 0.184032 0.169896 0.157655 0.999997 0.142596 0.146231 0.146231 0.146231 0.146231 0.146231
int_4.mic
 0.162682 0.166486 0.183511 0.141136 0.999997 0.146748 0.175476 0.175476 0.175476 0.175476 0.175476
mix_0.mic
 0.186411 0.151072 0.160576 0.159559 0.999949 0.166478 0.000000 0.000000 0.000000 0.000000 0.000000
mix_1.mic
 0.159444 0.151141 0.203372 0.166634 0.999996 0.150185 0.000000 0.000000 0.000000 0.000000 0.000000
mix_2.mic
 0.155672 0.165666 0.128070 0.138416 0.999997 0.171917 0.000000 0.000000 0.000000 0.000000 0.000000
mix_3.mic
 0.154196 0.164847 0.150396 0.133904 0.999997 0.152116 0.000000 0.000000 0.000000 0.000000 0.000000
mix_4.mic
 0.157839 0.157519 0.150227 0.147662 0.999997 0.171846 0.000000 0.000000 0.000000 0.000000 0.000000
