mifs_06061653_NB_GA_corral 116 90.625 12 9.375 111 86.7188 17 13.2813
mifs_06061653_DT_GA_corral 128 100 0 0 121 94.5313 7 5.4688
mifs_06061653_SVM_GA_corral 128 100 0 0 126 98.4375 2 1.5625
mifs_06061653_NB_SFFS_corral 116 90.625 12 9.375 111 86.7188 17 13.2813
mifs_06061653_DT_SFFS_corral 128 100 0 0 121 94.5313 7 5.4688
mifs_06061653_SVM_SFFS_corral 128 100 0 0 126 98.4375 2 1.5625
mifs_06061653_NB_FCFS_corral 116 90.625 12 9.375 111 86.7188 17 13.2813
mifs_06061653_DT_FCFS_corral 128 100 0 0 121 94.5313 7 5.4688
mifs_06061653_SVM_FCFS_corral 128 100 0 0 126 98.4375 2 1.5625
weka_06061653_DT_GA_corra 96 75 32 25 94 73.4375 34 26.5625
weka_06061653_NB_GA_corra 96 75 32 25 92 71.875 36 28.125
weka_06061653_SVM_GA_corra 96 75 32 25 91 71.0938 37 28.9063
weka_06061653_DT_SFFS_corra 96 75 32 25 94 73.4375 34 26.5625
weka_06061653_NB_SFFS_corra 96 75 32 25 92 71.875 36 28.125
weka_06061653_SVM_SFFS_corra 96 75 32 25 91 71.0938 37 28.9063
weka_06061653_DT_FCFS 128 100 0 0 121 94.5313 7 5.4688
weka_06061653_NB_FCFS 116 90.625 12 9.375 111 86.7188 17 13.2813
weka_06061653_SVM_FCFS 128 100 0 0 126 98.4375 2 1.5625
3,0.6,15,first-last
200  600 0.6 0.01
5
0.0
cor
